-5,102675E-8	-3,561649E-8	-2,609204E-8	-1,938201E-8	-1,518470E-8	-9,879386E-9	-7,696372E-9	-4,946969E-9	-2,924480E-9	-2,106617E-9	-1,688022E-9	-1,079570E-9	1,909939E-11	-1,159606E-11	1,796252E-11	-1,172793E-9	-1,686658E-9	-1,387207E-9	-8,844836E-10	-1,614353E-10	-6,639311E-11	-2,548859E-10	9,413270E-11	-5,525180E-11
-5,017955E-8	-3,386094E-8	-2,589900E-8	-1,938565E-8	-1,403396E-8	-1,008448E-8	-7,318704E-9	-4,554977E-9	-2,843990E-9	-2,053639E-9	-1,518629E-9	-1,159378E-9	2,683009E-11	-2,751221E-11	-2,273737E-12	-8,567440E-10	-1,747821E-9	-5,029506E-10	-3,221885E-10	-3,146852E-10	-6,045866E-10	-2,034994E-10	-1,205080E-11	-5,275069E-11
-4,965364E-8	-3,465902E-8	-2,650290E-8	-1,958961E-8	-1,418471E-8	-1,001263E-8	-7,125664E-9	-4,462436E-9	-2,899242E-9	-2,004072E-9	-1,572062E-9	-1,076842E-9	8,185452E-12	5,002221E-12	1,887202E-11	-1,181434E-9	-1,431999E-9	-7,244125E-10	-1,298304E-10	-2,316938E-10	-7,187282E-10	1,352873E-10	6,093615E-11	-2,069100E-11
-5,019001E-8	-3,417176E-8	-2,506704E-8	-1,897229E-8	-1,398212E-8	-9,675205E-9	-6,809842E-9	-4,821004E-9	-2,899696E-9	-1,974740E-9	-1,696435E-9	-1,051603E-9	2,910383E-11	4,547474E-12	1,364242E-11	-6,837126E-10	-8,860752E-10	-6,648406E-10	1,539320E-10	-6,780283E-10	-5,661605E-11	-3,049081E-10	-7,958079E-12	4,774847E-12
-4,885464E-8	-3,571290E-8	-2,712454E-8	-1,989747E-8	-1,466469E-8	-8,715006E-9	-7,589961E-9	-4,392405E-9	-2,908337E-9	-1,960643E-9	-1,600256E-9	-1,067065E-9	3,183231E-12	2,023626E-11	6,821210E-12	-1,280114E-9	-1,641638E-10	-2,534534E-9	-7,421477E-10	-5,168204E-10	-3,119567E-10	-1,948592E-10	1,386979E-11	6,821210E-12
-5,166362E-8	-3,454625E-8	-2,617207E-8	-1,871103E-8	-1,377839E-8	-9,673158E-9	-7,638619E-9	-4,436288E-9	-2,793740E-9	-1,974513E-9	-1,592070E-9	-1,062517E-9	-1,136868E-12	2,455636E-11	-3,024070E-11	-1,267608E-9	-6,366463E-11	-1,587296E-9	-6,157279E-10	-2,678462E-10	2,080469E-10	5,388756E-11	2,364686E-11	1,523404E-11
-4,865592E-8	-3,427931E-8	-2,520414E-8	-1,931380E-8	-1,436183E-8	-1,066678E-8	-7,576773E-9	-4,565891E-9	-2,921752E-9	-2,097522E-9	-1,569106E-9	-1,093213E-9	1,523404E-11	7,503331E-12	-1,000444E-11	-1,356966E-9	-8,565166E-10	-1,718263E-9	-9,929408E-10	-2,487468E-10	5,570655E-11	5,024958E-11	2,660272E-11	1,477929E-11
-5,084439E-8	-3,516880E-8	-2,602837E-8	-1,863873E-8	-1,395870E-8	-9,940777E-9	-7,260041E-9	-4,593176E-9	-2,893103E-9	-2,009983E-9	-1,599119E-9	-1,093667E-9	-2,228262E-11	1,159606E-11	-4,160938E-11	-5,481979E-10	-2,360821E-9	-1,569106E-9	-7,394192E-10	-4,988578E-10	-1,480203E-10	-3,649347E-10	-2,319211E-11	1,136868E-11
-4,769117E-8	-3,372975E-8	-2,435058E-8	-1,898547E-8	-1,443300E-8	-9,021278E-9	-6,727987E-9	-4,569756E-9	-2,795559E-9	-1,948138E-9	-1,533181E-9	-1,112539E-9	-4,638423E-11	-9,094947E-12	-1,841727E-11	-5,925358E-10	-1,816488E-9	-1,131411E-9	-4,661160E-10	-2,239631E-10	-9,276846E-11	-2,639808E-10	2,751221E-11	9,094947E-13
-4,978324E-8	-3,545142E-8	-2,542856E-8	-1,846138E-8	-1,451554E-8	-9,941004E-9	-7,416247E-9	-4,394906E-9	-2,865590E-9	-2,106162E-9	-1,482476E-9	-1,121180E-9	-9,686119E-11	8,867573E-12	-6,957634E-11	-1,255330E-9	-1,659828E-10	-1,834906E-9	-1,096168E-9	-8,185452E-12	4,849880E-10	-6,639311E-11	6,207301E-11	8,412826E-12
-4,900244E-8	-3,456285E-8	-2,709248E-8	-1,844887E-8	-1,405624E-8	-1,010312E-8	-7,438302E-9	-4,611820E-9	-2,986326E-9	-2,039087E-9	-1,562057E-9	-1,068656E-9	-7,344170E-11	1,523404E-11	-7,139533E-11	-1,073658E-9	-1,753733E-9	-1,382659E-9	-9,740688E-10	1,566605E-10	-2,203251E-10	-1,880380E-10	1,409717E-11	-1,796252E-11
-5,097922E-8	-3,369450E-8	-2,508705E-8	-1,844842E-8	-1,436933E-8	-9,933729E-9	-7,710241E-9	-4,467438E-9	-3,017021E-9	-2,011120E-9	-1,578883E-9	-1,155286E-9	-7,048584E-11	-3,410605E-12	-6,230039E-11	-8,253664E-10	-1,013632E-9	-1,518174E-9	2,362412E-10	-9,117684E-10	-3,149125E-10	-1,675744E-10	-1,909939E-11	-1,818989E-12
-4,885283E-8	-3,359605E-8	-2,569573E-8	-1,820354E-8	-1,362855E-8	-9,844371E-9	-7,305061E-9	-5,011088E-9	-2,818069E-9	-2,020670E-9	-1,560693E-9	-1,057288E-9	-1,525677E-10	5,456968E-12	-4,934009E-11	-1,434273E-9	-2,376055E-10	-2,378556E-9	3,342393E-11	-8,776624E-11	3,387868E-10	-5,343281E-11	2,046363E-12	-1,705303E-11
-5,046786E-8	-3,470950E-8	-2,631532E-8	-1,800254E-8	-1,447188E-8	-9,736368E-9	-7,586777E-9	-4,786216E-9	-3,038167E-9	-2,007027E-9	-1,554781E-9	-1,060926E-9	-5,684342E-11	-5,843503E-11	-3,456080E-11	-7,464678E-10	3,542482E-10	-1,693024E-9	-7,298695E-10	-2,692104E-10	1,091394E-10	-1,389253E-10	3,865352E-12	-4,683898E-11
-5,035349E-8	-3,386162E-8	-2,615320E-8	-1,854960E-8	-1,457011E-8	-9,743417E-9	-7,515382E-9	-4,795993E-9	-2,930847E-9	-2,011575E-9	-1,540911E-9	-1,103444E-9	-2,955858E-11	-1,386979E-11	-1,841727E-11	-1,387662E-9	-6,680239E-10	-1,282615E-9	-6,332357E-10	-2,189608E-10	-4,313279E-10	2,316938E-10	-9,322321E-12	-4,911271E-11
-4,947901E-8	-3,479727E-8	-2,631600E-8	-1,833064E-8	-1,529679E-8	-9,377345E-9	-7,440121E-9	-4,650929E-9	-2,929255E-9	-2,047273E-9	-1,545231E-9	-1,076614E-9	-3,410605E-11	-6,070877E-11	1,023182E-11	-1,371745E-9	-4,599769E-10	-1,240096E-9	-1,855142E-9	5,229595E-11	7,707968E-11	-2,978595E-11	-1,682565E-11	-5,093170E-11
-4,851199E-8	-3,629771E-8	-2,539082E-8	-1,816170E-8	-1,438389E-8	-1,006515E-8	-7,536300E-9	-4,749154E-9	-2,794422E-9	-2,036813E-9	-1,455192E-9	-1,078433E-9	-2,341949E-11	-4,001777E-11	8,640200E-12	-1,132321E-9	-2,394245E-10	-9,260930E-10	-5,268248E-10	-6,605205E-10	7,071321E-11	1,914486E-10	-9,094947E-13	-4,615686E-11
-4,972640E-8	-3,514788E-8	-2,579145E-8	-1,769035E-8	-1,390458E-8	-1,001649E-8	-7,759354E-9	-4,465619E-9	-2,782144E-9	-2,093884E-9	-1,595936E-9	-1,067292E-9	6,366463E-12	-7,412382E-11	7,275958E-12	-4,870344E-10	-3,917648E-10	-1,411081E-9	-7,278231E-10	-2,075922E-10	-2,280558E-10	2,467004E-10	-1,591616E-12	-3,888090E-11
-4,939875E-8	-3,668220E-8	-2,657430E-8	-1,730109E-8	-1,374656E-8	-8,977167E-9	-7,687277E-9	-4,408548E-9	-2,759634E-9	-2,111847E-9	-1,522722E-9	-1,073658E-9	2,069100E-11	-8,276402E-11	2,273737E-12	-9,965788E-10	-1,407443E-10	2,228262E-10	-1,123453E-9	-6,396021E-10	4,229150E-11	2,273737E-13	2,046363E-11	-3,842615E-11
-5,109314E-8	-3,457421E-8	-2,550746E-8	-1,813578E-8	-1,421290E-8	-9,154746E-9	-8,013558E-9	-4,334879E-9	-2,891284E-9	-2,017032E-9	-1,527724E-9	-1,041599E-9	1,887202E-11	-6,639311E-11	1,500666E-11	-4,940830E-10	3,731202E-10	-1,943363E-9	9,890755E-11	-5,818492E-10	-7,116796E-11	-9,322321E-11	3,888090E-11	-2,364686E-11
-4,865069E-8	-3,388618E-8	-2,551337E-8	-1,855392E-8	-1,346530E-8	-1,087938E-8	-7,630206E-9	-4,540880E-9	-2,752813E-9	-2,190973E-9	-1,558647E-9	-9,999894E-10	1,296030E-11	-3,842615E-11	1,091394E-11	-1,792614E-9	-2,983143E-10	-2,404249E-9	-1,580247E-10	-7,121344E-10	1,114131E-10	6,775736E-11	4,001777E-11	-2,410161E-11
-4,721164E-8	-3,411219E-8	-2,650359E-8	-1,739750E-8	-1,314675E-8	-9,097676E-9	-7,963081E-9	-4,390813E-9	-2,924480E-9	-2,075467E-9	-1,531134E-9	-1,038643E-9	-4,320100E-12	-4,888534E-11	1,500666E-11	-8,462848E-10	-6,182290E-10	-5,920811E-10	-1,168246E-9	-4,176854E-10	-1,743956E-10	5,456968E-12	3,683454E-11	-1,250555E-11
-5,046354E-8	-3,558330E-8	-2,550223E-8	-1,933950E-8	-1,316084E-8	-9,128598E-9	-7,398739E-9	-4,383537E-9	-2,711658E-9	-2,092520E-9	-1,638682E-9	-1,042736E-9	1,296030E-11	-2,796696E-11	-2,728484E-12	-1,056833E-9	7,730705E-11	-1,848775E-9	-1,477929E-10	-8,901679E-10	2,769411E-10	-3,933565E-11	-7,958079E-12	-2,501110E-12
-5,035508E-8	-3,379864E-8	-2,583261E-8	-1,905232E-8	-1,293688E-8	-9,285714E-9	-7,056997E-9	-4,153662E-9	-2,778734E-9	-2,008392E-9	-1,596618E-9	-9,952146E-10	-1,705303E-11	-1,136868E-11	1,750777E-11	-4,442882E-10	-2,512479E-10	-1,173703E-9	-6,252776E-11	-1,546141E-10	-1,020908E-10	-4,911271E-11	8,867573E-12	-2,273737E-12
-4,943877E-8	-3,423202E-8	-2,573734E-8	-1,907802E-8	-1,426429E-8	-9,695441E-9	-7,459221E-9	-4,389904E-9	-2,827846E-9	-1,972239E-9	-1,574335E-9	-1,046601E-9	1,023182E-11	1,978151E-11	4,547474E-13	-1,682793E-9	-9,044925E-10	-1,425406E-9	-8,806182E-10	-8,633378E-10	1,248281E-10	1,523404E-10	-1,205080E-11	1,818989E-12
-4,931348E-8	-3,647529E-8	-2,618617E-8	-1,826106E-8	-1,468129E-8	-9,328460E-9	-7,359176E-9	-4,347157E-9	-2,938805E-9	-1,898570E-9	-1,437002E-9	-1,026137E-9	-1,523404E-11	1,227818E-11	1,887202E-11	-1,332637E-9	-2,100933E-10	-1,364469E-9	-1,200533E-10	-5,975380E-10	-6,070877E-11	1,023182E-10	-1,909939E-11	7,048584E-12
-5,103152E-8	-3,564423E-8	-2,575621E-8	-1,854301E-8	-1,459102E-8	-9,798896E-9	-7,593599E-9	-4,433332E-9	-2,849902E-9	-1,961780E-9	-1,513172E-9	-1,044782E-9	-1,409717E-11	1,637090E-11	-1,932676E-11	-6,543814E-10	-1,669832E-9	-1,336048E-9	2,771685E-10	-7,692051E-10	5,686616E-10	4,729372E-11	-6,752998E-11	1,637090E-11
-5,112884E-8	-3,439277E-8	-2,536513E-8	-1,909871E-8	-1,438934E-8	-8,953748E-9	-6,904429E-9	-4,782578E-9	-2,862180E-9	-2,026809E-9	-1,530225E-9	-1,027047E-9	-5,229595E-11	8,412826E-12	-2,501110E-11	-2,184606E-9	-1,209855E-9	-1,523404E-9	-4,008598E-10	-3,046807E-10	3,399236E-10	-1,371063E-10	-6,502887E-11	2,569323E-11
-4,863045E-8	-3,549962E-8	-2,544948E-8	-1,879448E-8	-1,377043E-8	-1,018066E-8	-7,634981E-9	-4,285539E-9	-2,754632E-9	-2,006573E-9	-1,500666E-9	-1,076614E-9	-1,182343E-11	1,796252E-11	-2,796696E-11	-6,398295E-10	-2,003844E-9	-1,229864E-9	8,433290E-10	-1,000444E-9	-2,387424E-10	-1,034550E-10	-4,433787E-11	2,273737E-11
-5,038487E-8	-3,309333E-8	-2,505908E-8	-1,840772E-8	-1,380999E-8	-1,022227E-8	-7,208655E-9	-4,590675E-9	-2,796241E-9	-2,004299E-9	-1,463832E-9	-1,023409E-9	-6,525624E-11	1,909939E-11	-6,480150E-11	-1,001126E-9	-1,503849E-9	-2,299657E-9	-1,773515E-10	-3,458354E-10	-2,278284E-10	-2,341949E-11	-8,867573E-12	1,591616E-11
-4,759295E-8	-3,506148E-8	-2,476304E-8	-1,841431E-8	-1,416515E-8	-1,061380E-8	-7,168182E-9	-4,250069E-9	-2,954266E-9	-1,964054E-9	-1,714398E-9	-1,071385E-9	-7,094059E-11	-1,932676E-11	-4,547474E-11	-9,938503E-10	-1,198259E-9	-2,261231E-9	-4,556568E-10	-4,436060E-10	-1,623448E-10	-4,570211E-11	5,684342E-12	1,773515E-11
-4,913954E-8	-3,506034E-8	-2,559409E-8	-1,870558E-8	-1,331910E-8	-9,660198E-9	-6,679329E-9	-4,537469E-9	-2,823299E-9	-1,936542E-9	-1,524768E-9	-1,037279E-9	-6,684786E-11	1,455192E-11	-6,730261E-11	-8,183179E-10	-1,173930E-9	-1,485887E-9	-5,268248E-10	-4,970389E-10	-3,460627E-10	-7,412382E-11	2,273737E-12	2,546585E-11
-5,170045E-8	-3,425134E-8	-2,509728E-8	-1,869466E-8	-1,398939E-8	-9,363248E-9	-7,024710E-9	-4,451522E-9	-2,784418E-9	-2,061824E-9	-1,537728E-9	-1,096168E-9	-8,412826E-11	-2,182787E-11	-5,206857E-11	-1,217586E-9	-1,276931E-9	-1,874696E-9	-4,513367E-10	1,157332E-10	-3,228706E-11	-5,934453E-11	1,136868E-11	9,777068E-12
-5,074367E-8	-3,402329E-8	-2,634465E-8	-1,970125E-8	-1,336934E-8	-9,709083E-9	-6,441724E-9	-4,271214E-9	-2,897195E-9	-1,952685E-9	-1,537046E-9	-1,086164E-9	-5,616130E-11	-2,887646E-11	-6,752998E-11	-1,266699E-9	-5,322818E-10	-1,504077E-9	-2,205525E-11	-3,446985E-10	-3,649347E-10	-3,115019E-11	5,456968E-12	2,592060E-11
-4,947924E-8	-3,471087E-8	-2,452725E-8	-1,919511E-8	-1,354374E-8	-9,193627E-9	-6,801656E-9	-4,534513E-9	-2,853767E-9	-1,999069E-9	-1,562967E-9	-1,049330E-9	-5,456968E-12	-5,297807E-11	-4,183676E-11	-1,466105E-9	-5,345555E-10	-8,801635E-10	1,080252E-9	-4,513367E-10	3,230980E-10	9,549694E-12	-1,045919E-11	-5,456968E-12
-4,975027E-8	-3,453033E-8	-2,621732E-8	-1,926855E-8	-1,326202E-8	-9,973292E-9	-7,629751E-9	-4,212325E-9	-2,828529E-9	-1,969056E-9	-1,585477E-9	-1,030912E-9	1,159606E-11	-1,932676E-11	-2,250999E-11	-1,532271E-9	-6,884875E-10	-1,748731E-9	-4,749836E-10	-1,434728E-10	-1,000444E-10	7,730705E-12	-1,250555E-11	7,730705E-12
-4,938101E-8	-3,374953E-8	-2,488241E-8	-1,769513E-8	-1,396802E-8	-9,540827E-9	-7,136578E-9	-4,655931E-9	-2,838760E-9	-1,958824E-9	-1,617082E-9	-1,036597E-9	7,275958E-12	-7,867129E-11	-9,322321E-12	-1,236231E-9	-1,160743E-9	-2,061597E-9	-1,086846E-10	-5,945822E-10	1,111857E-10	-2,273737E-13	-3,933565E-11	-3,865352E-12
-5,224547E-8	-3,465084E-8	-2,392221E-8	-1,920603E-8	-1,422927E-8	-1,007379E-8	-6,432629E-9	-4,329650E-9	-2,841261E-9	-1,985200E-9	-1,459966E-9	-1,004537E-9	2,250999E-11	-7,662493E-11	-1,909939E-11	-1,576382E-9	-1,014087E-9	-1,217359E-9	-1,771241E-10	-5,047696E-10	9,367795E-11	-1,045919E-11	-3,592504E-11	1,887202E-11
-5,077686E-8	-3,478999E-8	-2,447018E-8	-1,886247E-8	-1,449098E-8	-9,914402E-9	-6,682740E-9	-4,781214E-9	-2,936076E-9	-2,031356E-9	-1,691888E-9	-9,590622E-10	1,682565E-11	-5,206857E-11	-2,842171E-11	-1,836725E-9	-1,949729E-9	-5,104539E-10	-3,547029E-10	-2,366960E-10	-2,387424E-10	-3,365130E-11	-2,705747E-11	-3,637979E-12
-4,981302E-8	-3,688365E-8	-2,489264E-8	-1,912326E-8	-1,397075E-8	-1,000035E-8	-6,588607E-9	-4,554067E-9	-2,911520E-9	-2,074785E-9	-1,550916E-9	-1,012268E-9	1,091394E-11	-5,456968E-11	2,000888E-11	-1,327635E-9	-7,944436E-10	-2,069100E-10	-8,367351E-10	-1,959961E-10	1,421085E-10	-6,389200E-11	-3,660716E-11	-3,160494E-11
-5,235142E-8	-3,387572E-8	-2,592992E-8	-1,810122E-8	-1,357830E-8	-9,829819E-9	-7,265271E-9	-4,577487E-9	-2,871047E-9	-2,088655E-9	-1,467470E-9	-1,024773E-9	2,546585E-11	-4,274625E-11	-4,092726E-12	-2,520892E-9	-4,952199E-10	-1,629815E-9	-2,876277E-10	-2,742127E-10	2,023626E-11	-6,116352E-11	-4,001777E-11	3,183231E-12
-4,760955E-8	-3,646369E-8	-2,561160E-8	-1,946933E-8	-1,342232E-8	-1,009789E-8	-6,772552E-9	-4,395815E-9	-2,876277E-9	-2,178240E-9	-1,540684E-9	-1,066155E-9	3,637979E-12	-2,864908E-11	3,183231E-12	-9,536052E-10	-6,546088E-10	1,718945E-10	-6,550636E-10	-1,778062E-10	-1,009539E-10	-4,251888E-11	-2,819434E-11	-6,821210E-12
-5,028323E-8	-3,415971E-8	-2,529168E-8	-1,910757E-8	-1,382182E-8	-1,021863E-8	-7,084509E-9	-4,257799E-9	-2,870138E-9	-2,092065E-9	-1,561602E-9	-1,012268E-9	2,000888E-11	-3,865352E-12	2,501110E-12	-2,230081E-9	-1,389253E-9	-2,032721E-10	-5,436505E-10	-4,338290E-10	-6,023129E-10	-1,978151E-11	-4,843059E-11	-4,411049E-11
-4,880872E-8	-3,603031E-8	-2,479783E-8	-1,910234E-8	-1,310332E-8	-1,031913E-8	-6,780738E-9	-4,199137E-9	-2,775096E-9	-2,039542E-9	-1,713033E-9	-1,056378E-9	-8,640200E-12	-1,273293E-11	6,366463E-12	-1,500212E-9	-1,211220E-9	-1,168246E-9	-7,023573E-10	-8,890311E-11	3,183231E-10	1,000444E-11	-3,024070E-11	-4,274625E-11
-4,958679E-8	-3,538889E-8	-2,625052E-8	-1,888520E-8	-1,343028E-8	-1,012927E-8	-6,662958E-9	-4,400363E-9	-2,705519E-9	-2,208026E-9	-1,740773E-9	-1,036597E-9	-1,818989E-12	1,364242E-11	-5,456968E-12	-1,749868E-9	-8,053576E-10	-1,339913E-9	-1,687113E-10	-1,293756E-10	2,212346E-10	2,273737E-13	-1,591616E-12	-5,093170E-11
-4,953131E-8	-3,431956E-8	-2,684760E-8	-1,798662E-8	-1,393505E-8	-1,006424E-8	-6,338041E-9	-4,458570E-9	-2,842398E-9	-2,272373E-9	-1,653007E-9	-1,063199E-9	-1,136868E-11	1,000444E-11	4,320100E-12	-2,691195E-9	-1,016588E-9	-4,245067E-10	-1,343096E-9	-6,280061E-10	-4,056346E-10	1,637090E-11	2,000888E-11	-4,934009E-11
-5,191350E-8	-3,505420E-8	-2,588854E-8	-1,951344E-8	-1,370654E-8	-9,954420E-9	-6,806204E-9	-4,433105E-9	-2,850356E-9	-2,112301E-9	-1,607987E-9	-1,013632E-9	-2,410161E-11	-9,549694E-12	-2,546585E-11	-2,236675E-9	-8,033112E-10	-1,426315E-9	-8,276402E-11	-6,334631E-10	-3,444711E-10	1,364242E-11	1,591616E-11	-4,934009E-11
-4,953199E-8	-3,497712E-8	-2,605202E-8	-1,924082E-8	-1,440731E-8	-1,002923E-8	-7,147491E-9	-4,379899E-9	-2,869683E-9	-2,090246E-9	-1,629815E-9	-1,015678E-9	-4,320100E-11	-7,275958E-12	-3,228706E-11	-1,429271E-9	-5,195488E-10	-1,977014E-9	-6,766641E-10	-1,880380E-10	4,001777E-10	1,250555E-11	2,637535E-11	-2,683009E-11
-4,815911E-8	-3,423315E-8	-2,551837E-8	-1,792159E-8	-1,442640E-8	-9,941459E-9	-6,708888E-9	-4,519052E-9	-2,911293E-9	-2,176648E-9	-1,657099E-9	-1,071385E-9	-3,092282E-11	1,887202E-11	-2,683009E-11	-1,643002E-9	-1,182116E-9	-1,301032E-9	-9,695214E-10	-8,365078E-10	-1,318767E-11	1,750777E-11	3,842615E-11	-1,796252E-11
-5,130732E-8	-3,655828E-8	-2,600609E-8	-1,810622E-8	-1,315038E-8	-1,006265E-8	-6,925347E-9	-4,314643E-9	-2,864226E-9	-2,066599E-9	-1,697344E-9	-1,028639E-9	-7,366907E-11	6,821210E-12	-7,480594E-11	-2,542038E-9	-1,813987E-9	-2,066827E-9	-4,276899E-10	-3,615241E-10	-4,388312E-10	1,523404E-11	-1,000444E-11	-1,523404E-11
-4,905428E-8	-3,589457E-8	-2,434695E-8	-1,880449E-8	-1,366357E-8	-8,923735E-9	-7,285507E-9	-4,375124E-9	-2,780325E-9	-2,052502E-9	-1,578428E-9	-1,078888E-9	-9,026735E-11	2,137313E-11	-8,321877E-11	-1,778517E-9	-1,358103E-9	-7,671588E-10	-1,316494E-10	-5,388756E-10	-3,285550E-10	2,250999E-11	-7,958079E-12	9,549694E-12
-5,007632E-8	-3,494119E-8	-2,691922E-8	-1,959233E-8	-1,324906E-8	-9,786618E-9	-7,220024E-9	-4,542699E-9	-2,821935E-9	-2,043635E-9	-1,742592E-9	-1,084118E-9	-7,389644E-11	-1,114131E-11	-6,366463E-11	-1,875151E-9	-1,050466E-9	-1,683475E-9	9,617906E-11	-6,068603E-10	-2,423803E-10	1,159606E-11	-3,205969E-11	4,774847E-12
-5,170477E-8	-3,329842E-8	-2,593697E-8	-1,840181E-8	-1,380545E-8	-9,865744E-9	-6,604978E-9	-4,150252E-9	-2,658226E-9	-2,175284E-9	-1,607759E-9	-1,097305E-9	-7,139533E-11	1,750777E-11	-7,753442E-11	-2,042270E-9	-1,718945E-10	-5,179572E-10	-5,343281E-11	-5,516085E-10	1,750777E-11	2,410161E-11	-6,730261E-11	1,455192E-11
-4,938943E-8	-3,444734E-8	-2,611910E-8	-1,822741E-8	-1,357148E-8	-8,908728E-9	-6,519258E-9	-4,175945E-9	-2,714387E-9	-2,194383E-9	-1,715534E-9	-1,045919E-9	-5,934453E-11	-9,549694E-12	-7,275958E-11	-2,003844E-9	-9,356427E-10	-7,296421E-10	-6,098162E-10	-6,166374E-10	7,867129E-11	2,705747E-11	-6,320988E-11	1,091394E-11
-5,080915E-8	-3,682385E-8	-2,658703E-8	-1,846524E-8	-1,301669E-8	-9,203177E-9	-7,213430E-9	-4,120466E-9	-2,923116E-9	-2,092747E-9	-1,612534E-9	-1,066383E-9	-9,185896E-11	-1,250555E-11	-7,412382E-11	-7,059953E-10	2,576144E-10	-1,721901E-9	-4,420144E-10	-8,435563E-10	-2,355591E-10	3,274181E-11	-1,955414E-11	1,932676E-11
-5,084053E-8	-3,549781E-8	-2,692695E-8	-1,900025E-8	-1,384728E-8	-9,415999E-9	-6,786877E-9	-4,123649E-9	-2,733486E-9	-2,193019E-9	-1,576609E-9	-1,052285E-9	-1,637090E-11	1,818989E-12	-4,570211E-11	-1,361741E-9	-3,865352E-11	-4,351932E-10	-1,602984E-10	-7,869403E-10	-4,120011E-10	5,161382E-11	5,456968E-12	2,205525E-11
-4,786762E-8	-3,528407E-8	-2,490583E-8	-1,901640E-8	-1,435797E-8	-9,868472E-9	-6,742539E-9	-4,222784E-9	-2,777597E-9	-2,080697E-9	-1,614580E-9	-1,040235E-9	-2,864908E-11	-7,230483E-11	-6,366463E-11	-1,347644E-9	-7,999006E-10	-1,309445E-9	4,047251E-11	-5,315997E-10	1,191438E-10	8,867573E-12	5,684342E-12	1,796252E-11
-4,981371E-8	-3,347031E-8	-2,535376E-8	-1,842750E-8	-1,437752E-8	-9,966925E-9	-7,275048E-9	-4,160938E-9	-2,802381E-9	-2,118441E-9	-1,546823E-9	-1,002491E-9	-2,501110E-12	-3,933565E-11	7,730705E-12	-2,081151E-9	-3,030891E-10	-2,100023E-9	5,811671E-10	-3,878995E-10	4,706635E-11	-6,207301E-11	-3,865352E-12	1,296030E-11
-4,990056E-8	-3,528930E-8	-2,504999E-8	-1,845206E-8	-1,307171E-8	-1,013632E-8	-6,418304E-9	-4,325784E-9	-2,806246E-9	-2,158004E-9	-1,605486E-9	-1,021817E-9	-4,251888E-11	-6,752998E-11	-5,002221E-12	-1,493390E-9	-7,660219E-10	-1,866965E-9	-1,487024E-10	-8,024017E-10	-4,615686E-10	-2,410161E-11	-6,593837E-12	1,682565E-11
-5,060519E-8	-3,551986E-8	-2,626598E-8	-1,864760E-8	-1,337662E-8	-9,554014E-9	-6,876235E-9	-4,298499E-9	-2,776915E-9	-2,306251E-9	-1,668923E-9	-9,699761E-10	9,094947E-13	-6,230039E-11	-1,341505E-11	-1,962007E-9	-5,557013E-10	-1,808303E-9	-6,623395E-10	-3,158220E-10	4,506546E-10	-3,410605E-12	-1,182343E-11	1,386979E-11
-5,151333E-8	-3,539344E-8	-2,646402E-8	-1,807416E-8	-1,297076E-8	-9,788664E-9	-6,576329E-9	-4,056574E-9	-2,806473E-9	-2,046136E-9	-1,576836E-9	-9,679297E-10	3,637979E-12	-5,229595E-11	-3,228706E-11	-2,050456E-9	-1,140961E-9	-1,921080E-9	-4,661160E-11	-3,528839E-10	-4,458798E-10	1,136868E-12	-4,183676E-11	-8,640200E-12
-4,877074E-8	-3,413948E-8	-2,628099E-8	-1,911053E-8	-1,342028E-8	-9,296173E-9	-6,059508E-9	-4,263939E-9	-2,740080E-9	-2,186198E-9	-1,585022E-9	-1,023864E-9	1,591616E-12	-5,798029E-11	-2,364686E-11	-2,200295E-9	-2,412435E-10	-1,216677E-9	-3,904006E-10	-4,376943E-10	-4,361027E-10	-1,318767E-11	-5,661605E-11	-1,136868E-11
-4,980052E-8	-3,404080E-8	-2,632419E-8	-1,902959E-8	-1,250555E-8	-9,758196E-9	-6,674782E-9	-3,948117E-9	-2,829438E-9	-2,273737E-9	-1,653007E-9	-9,745236E-10	-1,796252E-11	-2,842171E-11	-5,411493E-11	-4,019967E-10	-1,296030E-10	-9,654286E-10	-3,981313E-10	2,683009E-11	2,432898E-10	5,684342E-12	-5,275069E-11	6,366463E-12
-4,980075E-8	-3,480454E-8	-2,672778E-8	-1,831927E-8	-1,293779E-8	-9,685436E-9	-6,628625E-9	-4,275080E-9	-2,984962E-9	-2,180968E-9	-1,668468E-9	-9,936230E-10	2,273737E-12	-2,182787E-11	-3,979039E-11	-3,510650E-10	-1,096396E-9	-1,155286E-9	-5,525180E-11	1,300577E-10	-1,023182E-11	-3,410605E-11	-3,342393E-11	-2,455636E-11
-4,851745E-8	-3,529863E-8	-2,655770E-8	-1,825879E-8	-1,395392E-8	-9,923951E-9	-6,659775E-9	-4,358753E-9	-2,903789E-9	-2,159595E-9	-1,613216E-9	-1,017497E-9	-1,864464E-11	-4,320100E-12	-9,367795E-11	3,865352E-12	-6,521077E-10	-1,819217E-9	1,773515E-11	-1,655280E-10	1,605258E-10	-6,002665E-11	-2,364686E-11	-2,250999E-11
-4,936783E-8	-3,437617E-8	-2,646266E-8	-1,928242E-8	-1,314379E-8	-1,031344E-8	-6,840310E-9	-4,034291E-9	-2,894012E-9	-2,230536E-9	-1,725311E-9	-1,024773E-9	-3,706191E-11	3,410605E-12	-1,421085E-10	-1,094349E-9	-8,435563E-10	-1,007265E-10	-3,597052E-10	-1,525677E-10	4,815774E-10	-5,820766E-11	-1,068656E-11	-1,818989E-11
-4,920184E-8	-3,705213E-8	-2,745605E-8	-1,885132E-8	-1,365811E-8	-9,412588E-9	-6,807568E-9	-4,259164E-9	-2,987235E-9	-2,210299E-9	-1,683929E-9	-9,817995E-10	-3,160494E-11	4,547474E-12	-1,186891E-10	-1,504986E-9	-6,032224E-10	-1,294211E-9	-2,498837E-10	5,275069E-11	4,752110E-11	-4,183676E-11	1,864464E-11	-5,434231E-11
-5,046400E-8	-3,432797E-8	-2,655975E-8	-1,783383E-8	-1,371518E-8	-9,505811E-9	-7,053359E-9	-4,193453E-9	-2,874685E-9	-2,110937E-9	-1,595254E-9	-1,020680E-9	-1,386979E-11	6,139089E-12	-1,209628E-10	-1,201443E-9	-7,194103E-10	-1,368562E-9	-3,451532E-10	-2,180514E-10	-3,660716E-11	-2,546585E-11	1,000444E-11	-4,774847E-11
-5,066863E-8	-3,370474E-8	-2,704792E-8	-1,988997E-8	-1,409853E-8	-9,781388E-9	-6,843266E-9	-3,939931E-9	-2,876504E-9	-2,302613E-9	-1,639364E-9	-1,072749E-9	-7,594281E-11	1,591616E-11	-2,244178E-10	-1,638455E-9	-1,973604E-10	-2,217575E-9	-4,699814E-10	-3,674359E-10	2,426077E-10	7,503331E-12	2,387424E-11	-4,956746E-11
-4,735125E-8	-3,480363E-8	-2,685056E-8	-1,984245E-8	-1,310627E-8	-9,172936E-9	-7,029939E-9	-4,129333E-9	-2,826027E-9	-2,093429E-9	-1,661419E-9	-1,077069E-9	-3,001333E-11	9,549694E-12	-1,166427E-10	-2,363549E-9	-2,357865E-10	-4,342837E-10	2,328306E-10	3,342393E-11	-2,150955E-10	1,136868E-12	1,409717E-11	-3,365130E-11
-4,981825E-8	-3,551531E-8	-2,525030E-8	-1,963235E-8	-1,233798E-8	-1,011495E-8	-7,044036E-9	-4,125241E-9	-3,034529E-9	-2,107527E-9	-1,533181E-9	-1,011813E-9	-9,458745E-11	1,136868E-11	-1,334683E-10	-9,836185E-10	-4,313279E-10	-1,818762E-9	-2,310117E-10	-1,668923E-10	6,548362E-11	-1,136868E-12	4,547474E-12	-4,661160E-11
-4,942331E-8	-3,520813E-8	-2,517095E-8	-1,866965E-8	-1,301669E-8	-9,400082E-9	-6,889650E-9	-4,210278E-9	-2,973593E-9	-2,187107E-9	-1,764420E-9	-1,061153E-9	-8,276402E-11	1,728040E-11	-2,328306E-10	-1,025228E-9	2,487468E-10	-1,924036E-9	1,159606E-10	-5,532002E-10	-1,559783E-10	1,273293E-11	1,477929E-11	-1,523404E-11
-5,258448E-8	-3,476407E-8	-2,487673E-8	-1,863418E-8	-1,430135E-8	-9,293217E-9	-6,990604E-9	-4,223466E-9	-2,951765E-9	-2,168917E-9	-1,619355E-9	-1,033641E-9	-8,208190E-11	-1,978151E-11	-1,232365E-10	-1,223043E-9	1,909939E-10	-1,407216E-9	4,918093E-10	-6,821210E-12	-9,549694E-11	2,273737E-11	1,637090E-11	-1,818989E-12
-5,067045E-8	-3,576133E-8	-2,695651E-8	-1,784269E-8	-1,466196E-8	-9,766381E-9	-6,516984E-9	-4,090680E-9	-2,994511E-9	-2,163688E-9	-1,563421E-9	-1,074568E-9	-1,007265E-10	9,094947E-12	-2,114575E-10	-1,901526E-9	-9,404175E-10	-2,290562E-9	3,178684E-10	6,298251E-11	-6,214123E-10	1,273293E-11	2,000888E-11	1,591616E-12
-4,849198E-8	-3,614332E-8	-2,569436E-8	-1,834860E-8	-1,395847E-8	-9,318455E-9	-6,924665E-9	-4,269850E-9	-2,853994E-9	-2,171191E-9	-1,617991E-9	-1,090712E-9	-7,435119E-11	-4,024514E-11	-2,103206E-10	-5,450147E-10	-1,397439E-9	-2,533397E-9	-5,184120E-10	-2,273737E-13	-4,392859E-10	1,864464E-11	1,682565E-11	8,640200E-12
-4,860317E-8	-3,619743E-8	-2,655452E-8	-1,863850E-8	-1,358580E-8	-9,905079E-9	-6,480150E-9	-4,316462E-9	-2,934939E-9	-2,242587E-9	-1,547733E-9	-1,065246E-9	-4,411049E-11	-2,478373E-11	-1,680291E-10	-1,549779E-9	-4,574758E-10	-2,523620E-9	1,134595E-10	-4,647518E-10	-3,979039E-11	1,205080E-11	1,386979E-11	2,114575E-11
-5,030915E-8	-3,671516E-8	-2,761317E-8	-1,982107E-8	-1,351555E-8	-8,963980E-9	-6,712298E-9	-4,333970E-9	-2,837169E-9	-2,154820E-9	-1,556145E-9	-1,070930E-9	-2,637535E-11	-1,020908E-10	-1,680291E-10	-2,221668E-9	-4,636149E-10	-1,449507E-9	-1,541594E-10	-6,491518E-10	-4,824869E-10	-9,094947E-13	4,547474E-13	9,094947E-12
-5,025936E-8	-3,690047E-8	-2,514093E-8	-1,789704E-8	-1,337526E-8	-9,730002E-9	-6,734581E-9	-4,224148E-9	-2,895376E-9	-2,093657E-9	-1,529315E-9	-1,023864E-9	-1,273293E-11	-4,092726E-11	-1,643912E-10	-1,566832E-9	6,498340E-10	-1,982016E-9	1,662102E-10	-7,594281E-10	-1,521130E-10	1,591616E-12	8,412826E-12	1,909939E-11
-5,040056E-8	-3,464538E-8	-2,726938E-8	-1,836884E-8	-1,350259E-8	-1,012813E-8	-6,549726E-9	-4,040885E-9	-2,865818E-9	-2,327852E-9	-1,614353E-9	-1,001581E-9	-1,341505E-11	-7,753442E-11	-1,157332E-10	-1,814669E-9	-4,499725E-10	-9,938503E-10	-8,117240E-11	-6,170922E-10	-3,410605E-12	1,637090E-11	0,000000E+0	1,136868E-11
-5,041147E-8	-3,445575E-8	-2,756224E-8	-1,731178E-8	-1,290459E-8	-9,676796E-9	-6,126129E-9	-4,069761E-9	-2,786919E-9	-2,118668E-9	-1,504532E-9	-9,849828E-10	-1,341505E-11	-6,343726E-11	-1,514309E-10	-2,998831E-9	-6,709797E-10	-7,721610E-10	-1,996341E-10	-4,883987E-10	-2,878551E-10	3,410605E-11	-3,410605E-12	1,546141E-11
-5,160405E-8	-3,491891E-8	-2,549359E-8	-1,846365E-8	-1,288709E-8	-1,008402E-8	-6,669779E-9	-4,135472E-9	-2,806473E-9	-2,104116E-9	-1,681428E-9	-9,742962E-10	-6,366463E-12	-6,093615E-11	-2,185061E-10	-1,144826E-9	-1,117996E-9	-1,269200E-9	-1,568878E-10	2,221441E-10	1,132321E-10	3,501555E-11	-9,549694E-12	2,046363E-12
-4,941899E-8	-3,426749E-8	-2,488332E-8	-1,856552E-8	-1,389321E-8	-1,016156E-8	-6,614300E-9	-4,021331E-9	-2,857860E-9	-2,165052E-9	-1,541821E-9	-1,070930E-9	-7,958079E-12	-3,342393E-11	-2,239631E-10	-2,200068E-9	-1,489980E-9	-8,139978E-10	-1,577973E-10	-2,185061E-10	-5,120455E-10	8,867573E-12	-2,160050E-11	-1,568878E-11
-5,117499E-8	-3,594050E-8	-2,628167E-8	-2,033426E-8	-1,412241E-8	-9,740234E-9	-6,707069E-9	-3,989044E-9	-2,922434E-9	-2,098432E-9	-1,644139E-9	-9,988526E-10	-6,821210E-12	-4,661160E-11	-1,480203E-10	-1,158014E-9	-1,191438E-10	-3,649347E-10	1,887202E-10	-1,384706E-10	-1,257376E-10	2,046363E-12	-1,909939E-11	7,275958E-12
-5,162246E-8	-3,397508E-8	-2,558340E-8	-1,845592E-8	-1,452349E-8	-8,824372E-9	-6,588380E-9	-4,043841E-9	-2,814886E-9	-2,041361E-9	-1,532726E-9	-1,039325E-9	-2,273737E-13	-1,932676E-11	-3,744844E-10	-1,501348E-9	-1,134140E-9	-6,900791E-10	-5,024958E-10	-3,112746E-10	-2,189608E-10	9,094947E-13	-4,138201E-11	-2,091838E-11
-5,186644E-8	-3,614286E-8	-2,413344E-8	-1,885360E-8	-1,406102E-8	-9,209543E-9	-6,616574E-9	-4,087269E-9	-2,716433E-9	-2,133675E-9	-1,464514E-9	-9,447376E-10	-2,842171E-11	6,139089E-12	-2,430625E-10	-1,901526E-9	-6,616574E-10	-1,406761E-9	-4,704361E-10	-1,873559E-10	-5,311449E-10	-2,501110E-11	-2,637535E-11	-5,798029E-11
-5,167544E-8	-3,541186E-8	-2,671663E-8	-1,876401E-8	-1,334865E-8	-9,578571E-9	-7,087237E-9	-4,188678E-9	-2,880370E-9	-2,162324E-9	-1,565240E-9	-1,037961E-9	-2,114575E-11	5,684342E-12	-1,468834E-10	-1,319449E-9	-9,097221E-10	-1,187800E-9	-9,299583E-11	-5,479706E-11	-1,427907E-10	-4,820322E-11	-2,319211E-11	-6,252776E-11
-5,080392E-8	-3,506648E-8	-2,674847E-8	-1,883882E-8	-1,330227E-8	-1,004264E-8	-6,063601E-9	-4,049525E-9	-2,857860E-9	-2,277375E-9	-1,553872E-9	-1,042963E-9	-4,843059E-11	1,455192E-11	-2,391971E-10	-1,866738E-9	-6,764367E-10	-1,086846E-9	3,226432E-10	-9,049472E-11	-4,570211E-11	-5,661605E-11	-4,320100E-12	-4,752110E-11
-4,619460E-8	-3,690661E-8	-2,642287E-8	-1,905801E-8	-1,325429E-8	-9,857331E-9	-6,190476E-9	-4,113872E-9	-2,845127E-9	-2,172783E-9	-1,645731E-9	-1,069111E-9	-3,274181E-11	2,069100E-11	-6,116352E-11	-2,456318E-9	3,183231E-11	-1,680291E-9	-1,166427E-10	1,759872E-10	-1,321041E-10	-6,002665E-11	1,546141E-11	-4,320100E-11
-4,890376E-8	-3,693890E-8	-2,530942E-8	-1,902754E-8	-1,401486E-8	-9,178393E-9	-7,021072E-9	-4,143430E-9	-2,798060E-9	-2,131173E-9	-1,650960E-9	-1,043873E-9	-8,685674E-11	-7,958079E-12	-2,457909E-10	-1,178933E-9	2,046363E-11	-1,007038E-9	1,150511E-10	-1,980425E-10	-1,866738E-10	-4,274625E-11	-2,592060E-11	-3,501555E-11
-4,875074E-8	-3,507876E-8	-2,648062E-8	-2,007914E-8	-1,345575E-8	-1,046510E-8	-6,833034E-9	-4,325102E-9	-3,028163E-9	-1,994067E-9	-1,627541E-9	-1,058424E-9	-7,344170E-11	1,773515E-11	-2,046363E-10	-1,514763E-9	3,160494E-10	-1,375838E-9	-6,389200E-11	-1,796252E-10	-1,932676E-10	-3,137757E-11	-6,730261E-11	4,547474E-13
-4,876529E-8	-3,741570E-8	-2,600882E-8	-1,945386E-8	-1,411013E-8	-9,342784E-9	-6,644768E-9	-4,195044E-9	-2,914931E-9	-2,250772E-9	-1,511580E-9	-1,010221E-9	-8,799361E-11	2,046363E-11	-2,901288E-10	-2,179377E-9	-4,720278E-10	-1,562967E-9	-2,139586E-10	-8,010375E-10	-3,410605E-10	-2,728484E-12	-6,116352E-11	1,341505E-11
-4,993808E-8	-3,571745E-8	-2,596494E-8	-1,864123E-8	-1,338185E-8	-9,754103E-9	-6,772098E-9	-4,168214E-9	-2,857860E-9	-2,165962E-9	-1,537728E-9	-1,062517E-9	-8,003553E-11	1,614353E-11	-3,662990E-10	-1,746685E-9	-9,142695E-10	-1,423814E-9	2,285105E-10	-4,285994E-10	-3,183231E-10	1,364242E-11	-4,570211E-11	1,023182E-11
-4,952335E-8	-3,590549E-8	-2,516799E-8	-1,901140E-8	-1,461876E-8	-9,365749E-9	-6,069513E-9	-4,153435E-9	-2,702109E-9	-2,063643E-9	-1,645731E-9	-1,066610E-9	-1,023182E-10	1,477929E-11	-4,026788E-10	-1,385160E-9	-6,741629E-10	-1,878789E-9	-4,906724E-10	3,560672E-10	4,727099E-10	1,477929E-11	6,366463E-12	1,796252E-11
-4,866797E-8	-3,456034E-8	-2,743286E-8	-1,912917E-8	-1,335297E-8	-9,654286E-9	-6,426035E-9	-4,124104E-9	-2,882189E-9	-2,103206E-9	-1,661419E-9	-1,088665E-9	-6,343726E-11	1,455192E-11	-3,708465E-10	-8,355983E-10	2,887646E-10	-1,296030E-9	-1,984972E-10	8,185452E-12	-1,182343E-10	3,183231E-11	1,750777E-11	1,136868E-11
-4,699586E-8	-3,530727E-8	-2,618435E-8	-1,930198E-8	-1,309877E-8	-9,005362E-9	-6,160917E-9	-4,200501E-9	-2,956995E-9	-2,220759E-9	-1,563421E-9	-1,051831E-9	-6,707523E-11	-6,366463E-12	-4,345111E-10	-3,140030E-9	-8,626557E-10	-1,454964E-9	-2,185061E-10	-8,394636E-10	-1,500666E-11	2,546585E-11	2,955858E-11	1,591616E-11
-5,153129E-8	-3,397940E-8	-2,610591E-8	-1,896365E-8	-1,351214E-8	-9,016503E-9	-6,617711E-9	-4,116600E-9	-2,862407E-9	-2,223032E-9	-1,550006E-9	-1,031594E-9	-6,616574E-11	-1,296030E-11	-5,527454E-10	-2,705065E-9	-8,449206E-10	-2,509296E-9	2,523848E-11	-7,867129E-10	-5,659331E-10	-4,320100E-12	4,547474E-12	1,591616E-11
-5,092534E-8	-3,609512E-8	-2,702404E-8	-1,909598E-8	-1,401145E-8	-9,403948E-9	-6,183882E-9	-4,079766E-9	-2,746447E-9	-2,050001E-9	-1,546823E-9	-1,025910E-9	-1,409717E-11	-4,024514E-11	-4,972662E-10	-1,741000E-9	-6,552909E-10	-5,675247E-10	-3,080913E-10	-9,247287E-10	-3,581135E-10	-1,978151E-11	-1,796252E-11	1,750777E-11
-5,348397E-8	-3,451919E-8	-2,649153E-8	-1,859826E-8	-1,390208E-8	-9,155883E-9	-6,609980E-9	-3,982450E-9	-2,966772E-9	-2,181650E-9	-1,463832E-9	-1,098442E-9	-1,773515E-11	-2,546585E-11	-2,892193E-10	-1,733724E-9	-9,345058E-11	-2,008619E-9	7,480594E-11	-4,326921E-10	-4,824869E-10	4,320100E-12	-2,182787E-11	1,023182E-11
-5,039510E-8	-3,454215E-8	-2,601814E-8	-1,781791E-8	-1,369744E-8	-1,025455E-8	-6,224582E-9	-4,197318E-9	-2,853312E-9	-2,140268E-9	-1,429498E-9	-1,011358E-9	-5,456968E-11	-7,867129E-11	-4,251888E-10	-1,615490E-9	-6,191385E-10	-1,845137E-9	2,507932E-10	-1,195986E-10	-6,275513E-10	-6,821210E-12	-7,594281E-11	1,091394E-11
-4,969706E-8	-3,790819E-8	-2,546426E-8	-1,954595E-8	-1,284820E-8	-9,339146E-9	-6,381697E-9	-4,129561E-9	-2,882643E-9	-2,197112E-9	-1,533635E-9	-9,713403E-10	1,523404E-11	-6,366463E-11	-3,301466E-10	-1,825583E-9	-5,973106E-10	-1,678245E-9	-2,971774E-10	-9,549694E-12	-1,864464E-11	-3,933565E-11	-3,660716E-11	-1,682565E-11
